4294967279,119
4294967279,118
4294967279,117
4294967278,222
4294967279,125
4294967279,124
4294967279,123
4294967279,122
4294967279,121
4294967279,120
4294967278,221
4294967278,6
4294967278,5
4294967278,4
4294967279,132
4294967279,131
4294967279,130
4294967279,129
4294967279,128
4294967279,127
4294967279,126
4294967278,219
18,5
18,4
4294967278,21
4294967278,20
4294967278,19
4294967278,18
4294967278,17
4294967278,16
4294967278,15
4294967278,14
4294967278,13
4294967278,12
4294967278,11
4294967278,10
4294967278,9
4294967278,8
4294967278,7
4294967278,215
4,2
4294967278,213
4294967294,999
4294967294,1000
4294967294,185
4294967294,1175
4294967278,333
4294967294,107
4294967294,90
4294967294,87
4294967294,86
4294967294,84
4294967294,1173
4294967294,29
4294967294,53
4294967294,426
4294967279,512
4294967278,332
4294967279,319
4294967278,331
4294967278,208
4294967278,207
18,6
4294967278,206
18,3
18,2
18,1
4294967279,318
4294967294,9
4294967278,205
4294967278,39
4294967278,38
4294967278,37
4294967278,36
4294967278,35
4294967278,34
4294967278,33
4294967278,32
4294967278,31
4294967278,30
4294967278,29
4294967278,28
4294967278,27
4294967278,26
4294967278,25
4294967278,24
4294967278,23
4294967278,22
4294967278,330
4294967279,317
4294967278,329
4294967279,316
4294967278,328
4294967278,327
4294967279,315
4294967278,200
4294967279,314
4294967278,326
4294967279,313
4294967278,198
4294967279,312
4294967278,325
4294967279,311
4294967278,324
4294967279,310
4294967278,195
4294967279,309
4294967278,194
4294967278,193
4294967294,50
4294967294,180
4294967294,179
4294967294,189
4294967294,191
4294967294,188
4294967294,30
4294967294,164
4294967294,163
4294967294,1
4294967294,115
4294967294,386
4294967294,387
4294967294,165
4294967294,113
4294967294,167
4294967294,176
4294967278,191
4294967278,190
4294967278,189
4294967278,188
4294967294,175
4294967294,183
4294967294,173
4294967294,451
4294967294,443
4294967294,419
4294967294,18
4294967294,127
4294967294,14
4294967294,126
4294967294,20
4294967294,13
4294967294,166
4294967294,24
4294967294,12
4294967294,104
4294967294,106
4294967294,160
4294967294,119
4294967294,168
4294967294,162
4294967294,1414
4294967279,31
4294967279,30
4294967279,27
4294967279,25
4294967278,323
4294967279,308
4294967278,322
4294967278,321
4294967279,307
4294967278,320
4294967279,306
4294967278,319
4294967278,318
4294967279,305
4294967278,317
4294967278,316
4294967279,304
4294967278,315
4294967278,314
4294967278,313
4294967279,260
4294967279,0
4294967278,312
4294967279,23
4294967279,22
4294967279,20
4294967279,17
4294967279,14
4294967279,12
4294967279,10
7,4
7,1
7,5
4294967294,7
4294967294,99
4294967294,43
4294967294,416
4294967294,52
4294967294,39
4294967294,42
4294967294,22
4,4
4294967294,81
4294967294,1097
4294967294,1415
4294967294,68
4294967294,11
4294967294,92
4294967278,132
4294967278,131
4294967278,130
4294967278,129
4294967278,128
4294967278,127
4294967278,126
4294967278,125
4294967278,124
4294967278,123
4294967278,122
4294967278,121
4294967278,120
4294967278,119
4294967278,118
4294967278,117
4294967278,116
4294967278,115
4294967278,114
4294967278,113
4294967278,112
4294967278,111
4294967278,110
4294967278,109
4294967278,108
4294967278,107
4294967278,106
4294967278,105
4294967278,104
4294967278,103
4294967278,102
4294967278,101
4294967278,100
4294967278,99
4294967278,98
4294967278,97
4294967278,96
4294967278,95
4294967278,94
4294967278,93
4294967278,92
4294967278,91
4294967278,90
4294967278,89
4294967278,87
4294967278,86
4294967278,85
4294967278,84
4294967278,83
4294967278,82
4294967278,81
4294967278,80
4294967278,79
4294967278,78
4294967278,77
4294967278,76
4294967278,75
4294967278,74
4294967278,73
4294967278,72
4294967278,71
4294967278,70
4294967278,69
4294967278,68
4294967278,67
4294967278,66
4294967278,65
4294967278,64
4294967278,63
4294967278,62
4294967278,61
4294967278,60
4294967278,59
4294967278,56
4294967278,54
4294967278,53
4294967278,52
4294967278,51
4294967278,50
4294967278,0
4294967278,260
4294967278,45
4294967278,43
4294967278,42
